DATALYSE	Næstved Gymnasium
elma 2730
t/s	T/°C	T/°C				
 0.163	 82.1	 80.2	 0	 0	 0	 0
 30.023	 80.1	 77	 0	 0	 0	 0
 60.044	 77.4	 74.8	 0	 0	 0	 0
 90.025	 74.8	 72.4	 0	 0	 0	 0
 120.005	 72.2	 70	 0	 0	 0	 0
 150.026	 69.9	 67.5	 0	 0	 0	 0
 180.006	 67.6	 65.4	 0	 0	 0	 0
 210.027	 65.5	 63.4	 0	 0	 0	 0
 240.008	 63.5	 61.5	 0	 0	 0	 0
 270.043	 61.6	 59.4	 0	 0	 0	 0
 300.009	 59.6	 57.7	 0	 0	 0	 0
 330.044	 58.1	 56.2	 0	 0	 0	 0
 360.024	 56.6	 54.6	 0	 0	 0	 0
 390.045	 55.1	 53	 0	 0	 0	 0
 420.026	 53.7	 51.6	 0	 0	 0	 0
 450.047	 52.2	 50.3	 0	 0	 0	 0
 480.027	 50.9	 49	 0	 0	 0	 0
 510.007	 49.7	 47.8	 0	 0	 0	 0
 540.028	 48.6	 46.7	 0	 0	 0	 0
 570.009	 47.5	 45.6	 0	 0	 0	 0
 600.044	 46.5	 44.5	 0	 0	 0	 0
 630.01	 45.5	 43.5	 0	 0	 0	 0
 660.045	 44.5	 42.5	 0	 0	 0	 0
 690.025	 43.6	 41.6	 0	 0	 0	 0
 720.046	 42.7	 40.8	 0	 0	 0	 0
 750.027	 41.9	 39.9	 0	 0	 0	 0
 780.048	 41	 39.2	 0	 0	 0	 0
 810.028	 40.2	 38.5	 0	 0	 0	 0
 840.008	 39.5	 37.7	 0	 0	 0	 0
 870.03	 38.7	 37	 0	 0	 0	 0
 900.009	 38	 36.3	 0	 0	 0	 0
 930.044	 37.4	 35.7	 0	 0	 0	 0
 960.011	 36.9	 47	 0	 0	 0	 0
 990.046	 36.3	 47.4	 0	 0	 0	 0
 1020.01	 35.7	 47.4	 0	 0	 0	 0
 1050.04	 35.2	 47.4	 0	 0	 0	 0
 1080.02	 34.6	 47.4	 0	 0	 0	 0
 1110.04	 34.1	 47.3	 0	 0	 0	 0
 1140.02	 33.6	 47.3	 0	 0	 0	 0
 1170	 33.1	 47.3	 0	 0	 0	 0
 1200.03	 32.7	 47.3	 0	 0	 0	 0
 1230.01	 32.3	 47.3	 0	 0	 0	 0
 1260.03	 31.9	 47.3	 0	 0	 0	 0
 1290.01	 31.5	 47.2	 0	 0	 0	 0
 1320.04	 31.1	 47.3	 0	 0	 0	 0
 1350.01	 30.8	 47.2	 0	 0	 0	 0
 1380.04	 30.4	 47.2	 0	 0	 0	 0
 1410.02	 30	 47.2	 0	 0	 0	 0
 1440.05	 29.7	 47.2	 0	 0	 0	 0
 1470.03	 29.4	 47.2	 0	 0	 0	 0
 1500.01	 29.1	 47.2	 0	 0	 0	 0
 1530.03	 28.8	 47.1	 0	 0	 0	 0
 1560.01	 28.5	 47.1	 0	 0	 0	 0
 1590.03	 28.3	 47.2	 0	 0	 0	 0
 1620.01	 28	 47.1	 0	 0	 0	 0
 1650.04	 27.7	 47.1	 0	 0	 0	 0
 1680.01	 27.6	 47.1	 0	 0	 0	 0
 1710.04	 27.3	 47.1	 0	 0	 0	 0
 1740.02	 27.1	 47	 0	 0	 0	 0
 1770.05	 26.9	 47	 0	 0	 0	 0
 1800.03	 26.7	 47	 0	 0	 0	 0
 1830.05	 26.5	 47	 0	 0	 0	 0
 1860.03	 26.3	 46.9	 0	 0	 0	 0
 1890.01	 26.1	 46.9	 0	 0	 0	 0
 1920.03	 25.9	 46.8	 0	 0	 0	 0
 1950.01	 25.7	 46.8	 0	 0	 0	 0
 1980.04	 25.6	 46.7	 0	 0	 0	 0
 2010.01	 25.4	 46.7	 0	 0	 0	 0
 2040.05	 25.2	 46.7	 0	 0	 0	 0
 2070.03	 25.1	 46.6	 0	 0	 0	 0
 2100.05	 24.9	 46.5	 0	 0	 0	 0
 2130.03	 24.8	 46.4	 0	 0	 0	 0
 2160.05	 24.6	 46.3	 0	 0	 0	 0
 2190.03	 24.5	 46.2	 0	 0	 0	 0
 2220.01	 24.4	 46.2	 0	 0	 0	 0
 2250.03	 24.2	 46.1	 0	 0	 0	 0
 2280.01	 24.1	 46	 0	 0	 0	 0
 2310.05	 24	 45.9	 0	 0	 0	 0
 2340.01	 23.9	 45.8	 0	 0	 0	 0
 2370.05	 23.8	 45.6	 0	 0	 0	 0
 2400.01	 23.7	 45.5	 0	 0	 0	 0
 2430.05	 23.6	 45.4	 0	 0	 0	 0
 2460.03	 23.5	 45.2	 0	 0	 0	 0
 2490.05	 23.4	 45	 0	 0	 0	 0
 2520.03	 23.3	 44.8	 0	 0	 0	 0
 2550.01	 23.2	 44.6	 0	 0	 0	 0
 2580.03	 23.2	 44.4	 0	 0	 0	 0
 2610.01	 23.1	 44	 0	 0	 0	 0
 2640.03	 23	 43.7	 0	 0	 0	 0
 2670.01	 22.9	 43.4	 0	 0	 0	 0
 2700.05	 22.8	 43.1	 0	 0	 0	 0
 2730.01	 22.8	 42.6	 0	 0	 0	 0
 2760.05	 22.7	 42	 0	 0	 0	 0
 2790.08	 22.6	 41.5	 0	 0	 0	 0
 2820.05	 22.5	 40.8	 0	 0	 0	 0
 2850.03	 22.5	 40.1	 0	 0	 0	 0
 2880.01	 22.5	 39.4	 0	 0	 0	 0
 2910.03	 22.4	 38.7	 0	 0	 0	 0
 2940.01	 22.4	 37.9	 0	 0	 0	 0
 2970.03	 22.3	 37.2	 0	 0	 0	 0
 3000.01	 22.2	 36.4	 0	 0	 0	 0
 3030.05	 22.2	 35.8	 0	 0	 0	 0
 3060.02	 22.1	 35	 0	 0	 0	 0
 3090.05	 22.1	 34.2	 0	 0	 0	 0
 3120.03	 22.1	 33.5	 0	 0	 0	 0
 3150.05	 22	 32.7	 0	 0	 0	 0
 3180.03	 21.9	 32	 0	 0	 0	 0
 3210	 21.9	 31.3	 0	 0	 0	 0
 3240.03	 21.8	 30.7	 0	 0	 0	 0
 3270.01	 21.8	 30.2	 0	 0	 0	 0
 3300.03	 21.8	 29.7	 0	 0	 0	 0
 3330.01	 21.8	 29.2	 0	 0	 0	 0
 3360.05	 21.7	 28.7	 0	 0	 0	 0
 3390.02	 21.7	 28.3	 0	 0	 0	 0
 3420.05	 21.7	 27.8	 0	 0	 0	 0
 3450.02	 21.6	 27.3	 0	 0	 0	 0
 3480	 21.6	 26.9	 0	 0	 0	 0
 3510.03	 21.6	 26.6	 0	 0	 0	 0
 3540	 21.6	 26.2	 0	 0	 0	 0
 3570.03	 21.5	 25.9	 0	 0	 0	 0
"f(t)=t
"a1=0
"a2=0
"a3=0
"a4=0
